********************************************************************************
STREME - Sensitive, Thorough, Rapid, Enriched Motif Elicitation
********************************************************************************
MEME version 5.2.0 (Release date: Wed Oct 14 12:02:54 2020 -0700)

For further information on how to interpret please access http://meme-suite.org/.
To get a copy of the MEME Suite software please access http://meme-suite.org.

********************************************************************************


********************************************************************************
REFERENCE
********************************************************************************
If you use this program in your research, please cite:

Timothy L. Bailey,
"STREME: Accurate and versatile sequence motif discovery",
bioRxiv, (preprint), 2020.
********************************************************************************


ALPHABET= ACGU

strands: +

Background letter frequencies
A 0.278 C 0.221 G 0.231 U 0.27 

MOTIF 1-AGAAGGGG STREME-1
letter-probability matrix: alength= 4 w= 8 nsites= 123 P= 9.2e-004
 0.540293 0.224516 0.234848 0.000343
 0.169908 0.186481 0.643269 0.000343
 0.640205 0.180751 0.091220 0.087824
 0.793730 0.205635 0.000293 0.000343
 0.101295 0.026226 0.872136 0.000343
 0.000353 0.180681 0.818624 0.000343
 0.000353 0.009765 0.989540 0.000343
 0.217275 0.000280 0.658796 0.123649

MOTIF 2-CAAAUAUAAU STREME-2
letter-probability matrix: alength= 4 w= 10 nsites= 59 P= 1.7e-003
 0.000529 0.927347 0.028896 0.043228
 0.827687 0.000420 0.057438 0.114455
 0.998627 0.000420 0.000439 0.000514
 0.756573 0.142790 0.000439 0.100198
 0.000529 0.000420 0.228435 0.770616
 0.642348 0.057391 0.299748 0.000514
 0.000529 0.242474 0.143008 0.613989
 0.727946 0.043134 0.228407 0.000514
 0.770688 0.028905 0.028925 0.171482
 0.028986 0.000420 0.214207 0.756387

MOTIF 3-GCACAUUAAM STREME-3
letter-probability matrix: alength= 4 w= 10 nsites= 78 P= 4.0e-003
 0.233468 0.000402 0.765639 0.000491
 0.000506 0.998583 0.000420 0.000491
 0.930605 0.000402 0.041270 0.027724
 0.014109 0.852467 0.000420 0.133004
 0.865984 0.082291 0.000420 0.051305
 0.054972 0.000402 0.095803 0.848824
 0.165399 0.095812 0.068489 0.670300
 0.747487 0.156069 0.082309 0.014135
 0.691783 0.192501 0.054859 0.060857
 0.383249 0.411660 0.054859 0.150232

MOTIF 4-CCCAGGGC STREME-4
letter-probability matrix: alength= 4 w= 8 nsites= 61 P= 9.3e-003
 0.030720 0.914859 0.007006 0.047415
 0.030780 0.886167 0.060889 0.022165
 0.013641 0.834267 0.015560 0.136531
 0.726586 0.090953 0.106143 0.076319
 0.106388 0.022065 0.849382 0.022165
 0.085532 0.060793 0.838051 0.015624
 0.028721 0.015540 0.788959 0.166780
 0.192653 0.698042 0.002993 0.106312

MOTIF 5-GAGUAGGAAU STREME-5
letter-probability matrix: alength= 4 w= 10 nsites= 39 P= 4.1e-002
 0.075867 0.025717 0.761634 0.136782
 0.897572 0.000737 0.050780 0.050911
 0.036742 0.050746 0.811543 0.100969
 0.225992 0.011572 0.000771 0.761665
 0.972610 0.000737 0.025751 0.000902
 0.050888 0.000737 0.872485 0.075890
 0.050888 0.075725 0.772518 0.100869
 0.686654 0.125784 0.000771 0.186791
 0.722617 0.175693 0.000771 0.100919
 0.200913 0.086560 0.200806 0.511722

MOTIF 6-CCCUGCUGY STREME-6
letter-probability matrix: alength= 4 w= 9 nsites= 66 P= 4.7e-002
 0.000576 0.781402 0.031467 0.186555
 0.051083 0.885933 0.062425 0.000559
 0.016055 0.982908 0.000478 0.000559
 0.032126 0.046894 0.170995 0.749985
 0.000576 0.000457 0.827423 0.171545
 0.047044 0.936440 0.000478 0.016038
 0.078064 0.000457 0.201830 0.719649
 0.062554 0.000457 0.936430 0.000559
 0.047105 0.294900 0.124806 0.533189

MOTIF 7-GURAUCAGCAC STREME-7
letter-probability matrix: alength= 4 w= 11 nsites= 64 P= 4.7e-002
 0.283112 0.000490 0.616076 0.100321
 0.216730 0.050334 0.000513 0.732422
 0.349659 0.000490 0.582637 0.067213
 0.948553 0.000490 0.050357 0.000600
 0.183490 0.150122 0.000513 0.665875
 0.050462 0.699006 0.000513 0.250019
 0.981794 0.000490 0.000513 0.017203
 0.000617 0.050401 0.898472 0.050510
 0.116976 0.615955 0.050357 0.216712
 0.865435 0.116849 0.000513 0.017203
 0.249905 0.665931 0.083565 0.000600

MOTIF 8-CCCGCCCUCG STREME-8
letter-probability matrix: alength= 4 w= 10 nsites= 34 P= 4.7e-002
 0.001846 0.994828 0.001533 0.001793
 0.001846 0.845799 0.100919 0.051436
 0.001846 0.945185 0.051177 0.001793
 0.101133 0.051109 0.845966 0.001793
 0.051489 0.746512 0.150562 0.051436
 0.051489 0.845799 0.100919 0.001793
 0.051489 0.796057 0.001533 0.150921
 0.101133 0.249880 0.001533 0.647454
 0.001846 0.895541 0.051177 0.051436
 0.001846 0.249979 0.647095 0.101080

MOTIF 9-CACACAAA STREME-9
letter-probability matrix: alength= 4 w= 8 nsites= 33 P= 4.7e-002
 0.001353 0.996209 0.001124 0.001314
 0.996488 0.001074 0.001124 0.001314
 0.001353 0.996209 0.001124 0.001314
 0.887254 0.001074 0.110358 0.001314
 0.001353 0.923362 0.001124 0.074161
 0.548396 0.230116 0.220174 0.001314
 0.741414 0.001074 0.001124 0.256388
 0.813825 0.001074 0.001124 0.183977

MOTIF 10-UCCUYKUCU STREME-10
letter-probability matrix: alength= 4 w= 9 nsites= 32 P= 2.7e-001
 0.001476 0.001172 0.001226 0.996125
 0.001476 0.995863 0.001226 0.001434
 0.001476 0.956155 0.040935 0.001434
 0.280228 0.001172 0.001226 0.717373
 0.001476 0.398811 0.001226 0.598486
 0.080893 0.160085 0.439366 0.319656
 0.001476 0.001172 0.001226 0.996125
 0.001476 0.995863 0.001226 0.001434
 0.001476 0.001172 0.001226 0.996125

MOTIF 11-GGGCCUUC STREME-11
letter-probability matrix: alength= 4 w= 8 nsites= 25 P= 4.8e-001
 0.087973 0.087642 0.693145 0.131240
 0.001604 0.001274 0.995564 0.001558
 0.044746 0.001274 0.952423 0.001558
 0.001604 0.736399 0.087701 0.174295
 0.001604 0.995506 0.001332 0.001558
 0.001604 0.001274 0.001332 0.995790
 0.044746 0.001274 0.174414 0.779567
 0.001604 0.778937 0.217901 0.001558

MOTIF 12-GCAAAUGGGG STREME-12
letter-probability matrix: alength= 4 w= 10 nsites= 38 P= 6.5e-001
 0.001087 0.000863 0.996994 0.001056
 0.206128 0.791913 0.000903 0.001056
 0.909420 0.000863 0.000903 0.088814
 0.967945 0.000863 0.030136 0.001056
 0.938654 0.000863 0.059428 0.001056
 0.118195 0.059388 0.235177 0.587240
 0.293828 0.000863 0.704253 0.001056
 0.118137 0.000863 0.792187 0.088814
 0.206597 0.000863 0.791484 0.001056
 0.059612 0.147379 0.704079 0.088930

********************************************************************************
Stopped because 3 consecutive motifs exceeded the p-value threshold (0.05).
********************************************************************************
COMMAND:	streme -oc streme1 --rna --p Positive_sequence.txt --n Negative_sequence.txt
********************************************************************************
CPU:		DESKTOP-HL7FMNH
********************************************************************************
FINALTIME:	9.11 seconds
********************************************************************************
