0.0
0.0
0.0
0.0
0.0
0.0
0.0
0.0
0.0
0.0
0.0
0.0
0.0
0.0
0.0
0.0
0.0
0.0
0.0
0.0
0.0
0.0
0.0
0.0
0.0
0.002403846153846154
0.002403846153846154
0.004807692307692308
0.004807692307692308
0.007211538461538462
0.007211538461538462
0.009615384615384616
0.009615384615384616
0.014423076923076924
0.014423076923076924
0.016826923076923076
0.016826923076923076
0.019230769230769232
0.019230769230769232
0.02403846153846154
0.02403846153846154
0.026442307692307692
0.026442307692307692
0.028846153846153848
0.028846153846153848
0.03365384615384615
0.03365384615384615
0.040865384615384616
0.040865384615384616
0.04567307692307692
0.04567307692307692
0.052884615384615384
0.052884615384615384
0.07692307692307693
0.07692307692307693
0.08413461538461539
0.08413461538461539
1.0