1.0
0.9999945
1.0
1.0
1.0
0.99999344
0.9998559
1.0
0.9999994
1.0
1.0
1.0
0.999985
1.0
1.0
1.0
0.9999989
0.99993145
1.0
1.0
1.0
1.0
1.0
1.0
1.0
0.0002785061
0.9996282
2.4757867e-06
8.429646e-05
1.4106761e-05
0.014057209
0.011964694
2.1375297e-06
1.3421882e-05
0.00012039611
1.8843139e-08
1.0566756e-06
0.012452509
0.0020296045
1.6189583e-06
0.00016851033
1.0693868e-07
3.12251e-05
2.0461468e-05
0.0007194901
0.00028345417
0.99999166
9.718082e-08
8.921172e-06
7.329733e-07
0.00097421
8.157372e-09
0.99866223
1.218275e-06
4.2215666e-07
1.7954138e-06
0.5213141
0.00025202785
0.0002830831
0.0069643892
1.4505775e-07
9.581016e-05
0.9998579
0.9999956
2.0998512e-05
4.5799766e-08
6.2443694e-05
0.9999759
0.9999999
0.9999715
0.9999666
1.0
0.99999964
1.0
0.9999995
7.796644e-05
8.1531296e-05
0.00017247663
0.0019394931
7.2537664e-06
0.007190819
9.744142e-06
4.2567666e-05
1.9340432e-05
0.0025259121
3.1975163e-05
0.00022750275
1.0
1.0
1.0
1.0
0.9999989
1.0
1.0
1.0
0.9999999
1.0
1.0
0.999995
1.0
1.0
1.0
1.0
1.0
1.0
0.9999993
1.0
1.0
1.0
1.0
1.0
1.0
1.0
1.0
1.0
1.0
0.99998784
1.0
1.0
8.064019e-06
0.00014337753
0.00036629627
0.9991009
1.4684347e-08
2.330287e-06
1.15904e-06
0.0030066548
4.1435637e-08
1.5583522e-10
1.6135922e-10
0.00045420203
6.312858e-06
0.0022170173
0.9997727
6.8806294e-05
0.0001838922
1.7197028e-06
1.7623806e-05
1.4209636e-08
2.1969593e-09
1.6310674e-08
9.1153396e-08
0.8931438
0.8010886
1.8123093e-05
0.002437295
2.6558018e-07
1.7269803e-06
1.2373391e-07
6.5234935e-06
4.240212e-05
6.364467e-07
1.3457606e-06
1.9437448e-06
3.7671205e-05
0.0051864544
0.00593643
1.0956809e-10
3.0417877e-06
8.6662644e-10
8.102729e-08
8.309587e-09
2.0679652e-05
5.709986e-05
6.9088996e-06
5.5590385e-07
4.9566697e-05
8.422101e-06
7.620031e-08
4.8010356e-09
8.88922e-05
1.0575386e-06
5.2783034e-05
3.4726196e-07
1.4365492e-07
0.999997
1.0
0.994808
0.99999845
0.9999795
0.99893373
1.0
0.9999999
0.9924751
1.0
1.0
1.0
0.9537412
1.0
0.9999975
9.384852e-07
1.8946196e-07
0.0004243327
5.478912e-05
5.7150795e-05
1.0576158e-05
4.7360714e-07
1.6347449e-05
5.231269e-06
7.90719e-06
9.1876706e-07
0.99999297
0.9999999
0.99999964
1.0
0.18113944
1.0386744e-05
0.9494386
0.00038729762
0.0005304152
0.0033152828
5.374372e-06
7.0359188e-06
1.0
1.0
1.0
0.9999895
0.99999917
0.99994504
0.99999976
0.99999964
0.9999945
1.0
0.99999964
0.9968214
1.0
1.0
0.9999999
0.99997354
1.0
1.0
1.0
0.99999833
1.0
1.0
4.5672394e-05
0.00012923403
0.00080342
2.341309e-06
1.2244203e-06
2.6281992e-05
4.153988e-06
0.00062584307
4.3224703e-05
1.4302885e-05
0.006465557
9.771099e-06
0.22016674
1.8718606e-06
4.5750552e-05
0.9941882
0.00011202592
0.0002450749
1.9163956e-05
9.723282e-06
4.5677632e-07
2.877991e-06
0.0078106984
2.4348292e-06
1.3756537e-06
0.0022241508
0.0023315914
0.00072176184
2.8648645e-05
7.793247e-05
3.6870035e-05
0.018151063
2.138696e-06
5.4281377e-06
3.7349294e-06
7.72225e-05
0.00012433036
1.0
0.9999975
1.0
5.6970803e-06
0.00044804966
0.00028603806
0.7349195
4.032026e-05
0.00032380488
2.1428246e-05
1.5556178e-06
4.0011505e-06
0.04725949
1.7730483e-05
0.9999982
1.0
7.641673e-07
3.2836876e-06
9.531679e-05
0.04223913
0.0010320687
0.00023502958
0.9996767
1.0
0.9969598
1.0
0.99998796
1.0
1.0
1.0
0.9999927
0.9999999
0.9999945
2.1443826e-07
2.077134e-06
0.80986637
1.623071e-05
4.231162e-06
9.85789e-07
4.548178e-06
2.5032006e-07
1.1126965e-06
6.008282e-05
0.0007914825
0.0001316294
0.006146117
0.004170068
2.5530517e-06
1.0
1.0
1.0
0.99997115
1.0
0.94749147
7.3471645e-05
7.06777e-07
2.1994096e-07
2.0419807e-06
1.1171761e-06
7.583461e-09
0.73890483
0.9999999
1.0
0.99999964
1.0
1.0
1.0
1.0
0.00030774018
5.6153738e-05
0.0012119256
9.885531e-07
5.7592234e-07
3.241239e-07
1.963546e-06
1.08772404e-07
0.99985194
0.99646074
0.9999815
1.0
0.9999964
0.9999994
1.0
1.0
1.0
1.0
0.99999595
0.9999976
0.9990539
1.0
0.9999995
0.9999981
0.9999999
0.9999999
1.0
0.99999976
0.9999858
0.9999989
1.0
1.0
1.0
1.0
0.999928
1.0
0.99999976
1.0
0.99999976
0.9999999
0.9999993
1.0
0.9999728
0.9999989
0.9999993
0.99999917
0.9954768
0.9999999
0.9999994
1.0
0.99995756
0.9999994
1.0
0.99999976
1.0
1.0
0.99999976
1.0
0.99999964
1.0
1.0
1.0
0.9997968
0.9999999
1.0
1.0
0.99999905
1.0
1.0
0.99999976
1.0
0.9999999
0.9999999
0.99999213
0.99999976
0.9999976
1.0
1.0
0.999992
1.0
1.0
1.0
1.0
0.99999964
0.9999995
1.0
1.0
0.9999993
1.0
0.9999982
0.99999857
0.9999995
1.0
1.0
0.9999994
1.0
0.9999999
1.0
1.0
0.99895406
0.99999976
1.0
0.99999976
0.83015907
1.0
1.0
1.0
0.9999999
0.99999976
0.9999995
0.17259663
0.9999956
0.9999993
0.99999976
0.99999905
1.0
0.99999976
1.0
1.0
1.0
1.0
1.0
1.0
0.99999845
1.0
1.0
0.99997425
0.9999999
0.99999726
1.0
0.99999666
1.0
1.0
1.0
1.0
0.9999999
0.999979
0.99999976
0.9999999
0.9999993
1.0
0.99999845
0.99996316
1.0
1.0
0.9999982
1.0
1.0
0.99999964
1.0
0.99999964
1.0
0.9999999
1.0
0.9999839
0.9999999
1.0
0.9999999
0.07868724
0.9342558
1.0
0.99999976
1.0
0.99999833
0.9999962
0.9999999
1.0
0.99999964
1.0
1.0
0.9999999
1.0
0.9999968
0.9999995
0.99999726
0.9999999
1.0
1.0
0.9999995
1.0
1.0
0.99999714
1.0
0.99999917
1.0
1.0
0.99999964
0.99999964
0.9999995
1.0
0.999997
1.0
0.99999654
1.0
0.99998224
0.9999987
0.9999999
1.0
0.9999995
0.9999993
1.0
0.99999857
1.0
0.99971133
1.0
0.99989533
0.9999988
1.0
0.9999995
0.9999999
0.9999975
1.0
1.0
0.99999917
0.99999976
1.0
1.0
0.9999999
0.99999475
0.99999833
1.0
0.9999999
0.9999999
1.0
1.0
0.9999964
1.0
0.99999523
0.99999857
1.0
1.0
1.0
1.0
0.9999994
0.99999976
1.0
0.9999999
0.999316
1.0
0.999998
1.0
0.99999976
1.0
0.99999166
1.0
1.0
0.99999917
1.0
0.9999999
0.99998534
0.9999999
1.0
0.9999999
1.0
1.0
1.0
0.99999976
0.9999999
0.9999999
0.99993825
1.0
1.0
0.9999999
0.9999999
1.0
1.0
1.0
0.9999993
0.99999976
0.99999607
0.9999963
1.0
1.0
1.0
1.0
1.0
1.0
1.0
1.0
1.0
0.9999999
1.0
1.0
1.0
0.9999995
1.0
0.999997
1.0
0.99998903
0.9999999
1.4930335e-05
4.256702e-05
4.353385e-07
5.76973e-05
0.977349
1.1700756e-05
4.7844924e-06
6.926839e-05
0.8641947
4.5854374e-09
5.341211e-06
1.4199011e-06
3.0546944e-05
2.3092837e-06
1.5280172e-08
2.9654384e-05
3.390965e-16
8.318001e-07
1.5237046e-07
0.99991786
0.00031454052
3.3868774e-10
6.0595434e-10
4.601772e-06
3.6380083e-05
8.85684e-06
6.821075e-05
3.805676e-09
9.2597645e-09
2.2446943e-06
6.3093523e-07
4.13687e-06
0.011564313
0.00070954056
1.0977761e-05
9.1555523e-07
1.1599159e-06
1.40635475e-05
4.346339e-06
0.9998418
0.0036162573
7.050657e-08
0.00016599635
2.1372756e-05
1.5470399e-06
1.2381702e-07
1.2612983e-05
2.3665416e-05
4.102677e-06
0.00016641936
6.685906e-05
0.00020525609
1.2983166e-07
0.000389801
0.9233361
0.00010649598
6.745374e-08
1.7486663e-07
0.00045369723
0.0001372253
0.00045705686
0.0009522217
6.0000886e-05
1.6408706e-06
1.323738e-09
1.6267542e-07
0.003133279
7.8131967e-07
1.6349242e-07
1.7905151e-07
2.494102e-08
2.0479764e-07
0.15230331
7.9642894e-07
1.6912325e-07
2.1081687e-06
1.2358973e-06
0.0008222073
4.298135e-07
0.00089007866
1.639641e-06
0.030860562
6.9432e-06
0.00083425443
7.1204994e-07
7.4286623e-07
0.00010058692
2.3875875e-06
5.8786754e-05
9.610502e-13
5.626654e-07
4.7175172e-07
0.0015358676
0.9999844
1.1486783e-09
8.0658276e-07
5.956139e-06
8.164384e-06
9.3157825e-05
1.1953689e-06
1.18159145e-08
8.2604965e-06
3.1163163e-06
0.9938992
9.57165e-07
0.00063286873
3.1324744e-05
4.2873785e-06
9.682956e-06
3.9167595e-08
0.00014642919
0.0011314724
0.37824982
3.1261757e-07
0.0013320175
0.15438539
0.00021799874
1.8199074e-05
6.3790685e-05
1.0452658e-06
1.962176e-06
2.3503017e-07
2.1502083e-05
2.1485235e-05
9.569182e-05
4.2525838e-07
4.4458787e-07
8.2767285e-05
1.1808365e-06
1.5729781e-06
2.7100916e-06
3.879872e-06
0.79322803
6.001594e-06
0.07010424
0.3226031
5.0025126e-05
9.222749e-06
1.4650882e-06
3.4807535e-06
2.5790524e-07
0.0008268443
4.823236e-06
1.26019695e-05
0.99998105
7.0488554e-08
0.0002653287
4.6193378e-05
0.015569076
3.6008802e-07
3.3308113e-06
0.05183676
0.13670206
0.00043399542
0.000113630595
2.5559034e-08
9.289341e-06
5.1243183e-05
1.421245e-06
2.0890852e-06
0.9658545
0.018547675
0.9921383
3.345688e-05
7.724122e-05
3.3393414e-06
2.042036e-07
7.9574716e-07
6.977232e-07
5.7344515e-08
6.61641e-06
9.563583e-07
0.0007314946
1.9324538e-07
0.00010847551
1.988168e-08
1.986103e-07
1.2109576e-06
0.00015873229
8.269714e-08
1.8608112e-06
8.897569e-06
0.0005265222
6.8877484e-06
0.00014315908
0.00055108365
7.5104406e-05
6.196198e-06
2.4852316e-08
1.1901082e-06
2.0205508e-07
9.8114254e-09
6.266273e-05
5.281892e-10
4.7894865e-08
4.93305e-10
0.00010943426
0.00035376067
7.858826e-07
0.9991646
1.6454808e-06
4.3458667e-06