0.5120192307692307
0.6081730769230769
0.65625
0.6850961538461539
0.7115384615384616
0.7259615384615384
0.7451923076923077
0.7572115384615384
0.7620192307692307
0.7716346153846154
0.7764423076923077
0.8052884615384616
0.8100961538461539
0.8149038461538461
0.8221153846153846
0.8269230769230769
0.8293269230769231
0.8365384615384616
0.84375
0.8485576923076923
0.8581730769230769
0.8629807692307693
0.8701923076923077
0.8774038461538461
0.8894230769230769
0.8918269230769231
0.9086538461538461
0.9086538461538461
0.9158653846153846
0.9158653846153846
0.9519230769230769
0.9519230769230769
0.9591346153846154
0.9591346153846154
0.9615384615384616
0.9615384615384616
0.9663461538461539
0.9663461538461539
0.96875
0.96875
0.9759615384615384
0.9759615384615384
0.9807692307692307
0.9807692307692307
0.9855769230769231
0.9855769230769231
0.9879807692307693
0.9879807692307693
0.9903846153846154
0.9903846153846154
0.9927884615384616
0.9927884615384616
0.9951923076923077
0.9951923076923077
0.9975961538461539
0.9975961538461539
1.0
1.0