********************************************************************************
STREME - Sensitive, Thorough, Rapid, Enriched Motif Elicitation
********************************************************************************
MEME version 5.2.0 (Release date: Wed Oct 14 12:02:54 2020 -0700)

For further information on how to interpret please access http://meme-suite.org/.
To get a copy of the MEME Suite software please access http://meme-suite.org.

********************************************************************************


********************************************************************************
REFERENCE
********************************************************************************
If you use this program in your research, please cite:

Timothy L. Bailey,
"STREME: Accurate and versatile sequence motif discovery",
bioRxiv, (preprint), 2020.
********************************************************************************


ALPHABET= ACGU

strands: +

Background letter frequencies
A 0.296 C 0.204 G 0.203 U 0.297 

MOTIF 1-GGSSCUGSCYSSB STREME-1
letter-probability matrix: alength= 4 w= 13 nsites= 222 P= 1.8e-006
 0.009989 0.089294 0.847643 0.053074
 0.074439 0.175465 0.750023 0.000073
 0.099234 0.570589 0.307789 0.022387
 0.178561 0.494081 0.327285 0.000073
 0.000073 0.728303 0.266593 0.005031
 0.213609 0.205818 0.087759 0.492814
 0.000073 0.201790 0.778233 0.019904
 0.058043 0.254782 0.492793 0.194382
 0.107616 0.606227 0.236507 0.049651
 0.168645 0.389614 0.142295 0.299447
 0.014946 0.343103 0.514493 0.127458
 0.089312 0.335068 0.456548 0.119072
 0.142322 0.330702 0.328236 0.198740

MOTIF 2-GAGAAGGGAAGGGG STREME-2
letter-probability matrix: alength= 4 w= 14 nsites= 6 P= 1.7e-002
 0.026918 0.018591 0.927509 0.026982
 0.936009 0.018591 0.018418 0.026982
 0.026918 0.018591 0.927509 0.026982
 0.936009 0.018591 0.018418 0.026982
 0.936009 0.018591 0.018418 0.026982
 0.026918 0.018591 0.927509 0.026982
 0.026918 0.018591 0.927509 0.026982
 0.026918 0.018591 0.927509 0.026982
 0.936009 0.018591 0.018418 0.026982
 0.936009 0.018591 0.018418 0.026982
 0.026918 0.018591 0.927509 0.026982
 0.026918 0.018591 0.927509 0.026982
 0.026918 0.018591 0.927509 0.026982
 0.026918 0.018591 0.927509 0.026982

MOTIF 3-CAGAGGAGGAAGD STREME-3
letter-probability matrix: alength= 4 w= 13 nsites= 43 P= 3.2e-002
 0.020399 0.764190 0.074375 0.141036
 0.778163 0.060514 0.060512 0.100812
 0.000296 0.040411 0.958997 0.000297
 0.697715 0.020308 0.140941 0.141036
 0.120932 0.000204 0.878567 0.000297
 0.141017 0.040411 0.818276 0.000297
 0.925106 0.000204 0.054290 0.020400
 0.060605 0.060514 0.838379 0.040503
 0.221429 0.100737 0.617228 0.060606
 0.737921 0.060514 0.140941 0.060624
 0.637406 0.000204 0.241456 0.120933
 0.235311 0.161029 0.603364 0.000297
 0.436376 0.060514 0.221371 0.281739

MOTIF 4-CCUGGGGC STREME-4
letter-probability matrix: alength= 4 w= 8 nsites= 183 P= 3.5e-002
 0.091966 0.836301 0.056592 0.015141
 0.071734 0.876680 0.051441 0.000145
 0.187255 0.009956 0.171027 0.631762
 0.016797 0.111042 0.856123 0.016038
 0.106024 0.050485 0.843346 0.000145
 0.218630 0.044671 0.559096 0.177604
 0.055521 0.027564 0.709984 0.206931
 0.093021 0.558856 0.266142 0.081981

MOTIF 5-GGGCCCCC STREME-5
letter-probability matrix: alength= 4 w= 8 nsites= 21 P= 4.8e-002
 0.026432 0.049792 0.897342 0.026434
 0.000726 0.099126 0.850129 0.050018
 0.000726 0.000501 0.964052 0.034720
 0.148641 0.800843 0.000497 0.050018
 0.084009 0.683568 0.099078 0.133345
 0.050017 0.800843 0.148412 0.000728
 0.075723 0.822350 0.075493 0.026434
 0.119617 0.747631 0.049787 0.082965

MOTIF 6-CWUCCCCYU STREME-6
letter-probability matrix: alength= 4 w= 9 nsites= 45 P= 6.9e-001
 0.016264 0.983163 0.000233 0.000341
 0.470642 0.039249 0.069503 0.420607
 0.112264 0.012277 0.016156 0.859303
 0.016264 0.896135 0.028198 0.059403
 0.074486 0.901851 0.023323 0.000341
 0.046520 0.810727 0.000233 0.142521
 0.108134 0.845092 0.046433 0.000341
 0.017666 0.492895 0.216821 0.272618
 0.031679 0.096928 0.164884 0.706510

MOTIF 7-AUUWCUUAYMUUDHM STREME-7
letter-probability matrix: alength= 4 w= 15 nsites= 19 P= 1.0e+000
 0.945670 0.000534 0.000529 0.053267
 0.000773 0.000534 0.000529 0.998164
 0.000773 0.000534 0.000529 0.998164
 0.315770 0.000534 0.053021 0.630676
 0.000773 0.997923 0.000529 0.000775
 0.053265 0.105517 0.000529 0.840689
 0.210740 0.000534 0.000529 0.788197
 0.945670 0.053026 0.000529 0.000775
 0.105757 0.472959 0.000529 0.420755
 0.525690 0.263039 0.000529 0.210742
 0.053265 0.158009 0.000529 0.788197
 0.210740 0.053026 0.105512 0.630722
 0.210786 0.000534 0.420463 0.368217
 0.473245 0.262993 0.000529 0.263234
 0.473245 0.315484 0.000529 0.210742

MOTIF 8-CACCUGCYCASCWY STREME-8
letter-probability matrix: alength= 4 w= 14 nsites= 13 P= 1.0e+000
 0.000864 0.645786 0.059240 0.294110
 0.704702 0.000597 0.176538 0.118164
 0.059513 0.821733 0.059240 0.059515
 0.059513 0.880382 0.000591 0.059515
 0.059513 0.117894 0.000591 0.822002
 0.000864 0.000597 0.880376 0.118164
 0.000864 0.997679 0.000591 0.000866
 0.000864 0.352490 0.117889 0.528758
 0.059513 0.704435 0.176538 0.059515
 0.763351 0.000597 0.117889 0.118164
 0.059513 0.528488 0.352484 0.059515
 0.000864 0.880382 0.059240 0.059515
 0.294108 0.059245 0.117889 0.528758
 0.059513 0.469839 0.176538 0.294110

********************************************************************************
Stopped because 3 consecutive motifs exceeded the p-value threshold (0.05).
********************************************************************************
COMMAND:	streme -oc streme22 --rna --p Positive_sequence.txt --n Negative_sequence.txt
********************************************************************************
CPU:		DESKTOP-HL7FMNH
********************************************************************************
FINALTIME:	36.83 seconds
********************************************************************************
